0.000000000000000000e+00
3.600000000000000000e+03
7.200000000000000000e+03
1.080000000000000000e+04
1.440000000000000000e+04
1.800000000000000000e+04
2.160000000000000000e+04
2.520000000000000000e+04
2.880000000000000000e+04
3.240000000000000000e+04
3.600000000000000000e+04
3.960000000000000000e+04
4.320000000000000000e+04
4.680000000000000000e+04
5.040000000000000000e+04
5.400000000000000000e+04
5.760000000000000000e+04
6.120000000000000000e+04
6.480000000000000000e+04
6.840000000000000000e+04
7.200000000000000000e+04
7.560000000000000000e+04
7.920000000000000000e+04
8.280000000000000000e+04
8.640000000000000000e+04
9.000000000000000000e+04
9.360000000000000000e+04
9.720000000000000000e+04
1.008000000000000000e+05
1.044000000000000000e+05
1.080000000000000000e+05
1.116000000000000000e+05
1.152000000000000000e+05
1.188000000000000000e+05
1.224000000000000000e+05
1.260000000000000000e+05
1.296000000000000000e+05
1.332000000000000000e+05
1.368000000000000000e+05
1.404000000000000000e+05
1.440000000000000000e+05
1.476000000000000000e+05
1.512000000000000000e+05
1.548000000000000000e+05
1.584000000000000000e+05
1.620000000000000000e+05
1.656000000000000000e+05
1.692000000000000000e+05
1.728000000000000000e+05
1.764000000000000000e+05
1.800000000000000000e+05
1.836000000000000000e+05
1.872000000000000000e+05
1.908000000000000000e+05
1.944000000000000000e+05
1.980000000000000000e+05
2.016000000000000000e+05
2.052000000000000000e+05
2.088000000000000000e+05
2.124000000000000000e+05
2.160000000000000000e+05
2.196000000000000000e+05
2.232000000000000000e+05
2.268000000000000000e+05
2.304000000000000000e+05
2.340000000000000000e+05
2.376000000000000000e+05
2.412000000000000000e+05
2.448000000000000000e+05
2.484000000000000000e+05
2.520000000000000000e+05
2.556000000000000000e+05
2.592000000000000000e+05
2.628000000000000000e+05
2.664000000000000000e+05
2.700000000000000000e+05
2.736000000000000000e+05
2.772000000000000000e+05
2.808000000000000000e+05
2.844000000000000000e+05
2.880000000000000000e+05
2.916000000000000000e+05
2.952000000000000000e+05
2.988000000000000000e+05
3.024000000000000000e+05
3.060000000000000000e+05
3.096000000000000000e+05
3.132000000000000000e+05
3.168000000000000000e+05
3.204000000000000000e+05
3.240000000000000000e+05
3.276000000000000000e+05
3.312000000000000000e+05
3.348000000000000000e+05
3.384000000000000000e+05
3.420000000000000000e+05
3.456000000000000000e+05
3.492000000000000000e+05
3.528000000000000000e+05
3.564000000000000000e+05
3.600000000000000000e+05
3.636000000000000000e+05
3.672000000000000000e+05
3.708000000000000000e+05
3.744000000000000000e+05
3.780000000000000000e+05
3.816000000000000000e+05
3.852000000000000000e+05
3.888000000000000000e+05
3.924000000000000000e+05
3.960000000000000000e+05
3.996000000000000000e+05
4.032000000000000000e+05
4.068000000000000000e+05
4.104000000000000000e+05
4.140000000000000000e+05
4.176000000000000000e+05
4.212000000000000000e+05
4.248000000000000000e+05
4.284000000000000000e+05
1.800000000000000000e+01
1.801583228428723871e+01
1.767445613107572555e+01
1.730826379904207712e+01
1.692860488750001835e+01
1.655228958604922695e+01
1.618550993185582243e+01
1.600000000000000355e+01
1.600000000000251177e+01
1.762231270351206192e+01
1.899482909180597545e+01
1.899531509341492708e+01
2.004756812120024989e+01
2.000000000003200995e+01
1.999999898085371441e+01
1.999918607544505988e+01
1.999999999916747129e+01
1.999999997333589619e+01
1.999999999988737542e+01
2.000000040223636333e+01
2.000000039426177523e+01
2.000000271613192382e+01
2.000031410173073354e+01
2.000000000000326850e+01
1.999999998512556942e+01
1.928069105996317489e+01
1.868476146581628328e+01
1.823423967259699552e+01
1.790522951597141699e+01
1.762281794812604119e+01
1.738684753358008095e+01
1.714858911355626958e+01
1.689650534542382943e+01
1.669208509255255635e+01
1.871440316273482196e+01
2.013475593194223379e+01
2.001423515101276251e+01
2.000000000000335021e+01
2.000000000000125411e+01
1.999999968266363837e+01
1.999999757772950915e+01
1.999914935877597699e+01
1.999999999174119125e+01
2.000000022496213248e+01
2.000000027479839559e+01
2.000000144021633375e+01
2.000074949643749989e+01
1.999999987217864117e+01
1.999999564184293277e+01
1.946077089994062703e+01
1.899429981115348554e+01
1.861053494402053587e+01
1.829601480506831024e+01
1.801770814548509847e+01
1.775921227288355553e+01
1.750790619304737916e+01
1.725632134265881845e+01
1.700841663179699026e+01
1.906164685419916438e+01
1.906243639793232703e+01
2.000302415772661035e+01
2.000000000015753443e+01
2.000000000000800782e+01
1.999999999999988631e+01
1.999999969452321480e+01
1.999999649355079256e+01
1.999999209702836822e+01
1.999999520839143941e+01
1.999999999883943858e+01
1.999999999999990052e+01
2.000000092927220052e+01
2.000002523355769668e+01
2.000000000000337863e+01
1.939097976748317365e+01
1.889068398274347160e+01
1.849978343757997834e+01
1.818245001720380571e+01
1.790288132115795605e+01
1.763317331191241522e+01
1.738241851659158854e+01
1.714970050217860020e+01
1.694005407298030974e+01
1.869151870080654732e+01
2.009076798538340469e+01
2.000002580715719702e+01
2.000000000000040146e+01
1.999999920940734199e+01
1.999999572388873403e+01
1.999999517733116861e+01
1.999999999982073362e+01
1.999999999998329514e+01
2.000000015278323673e+01
2.000020964956383196e+01
2.000000000000001421e+01
1.999999993509333152e+01
1.999999907684436451e+01
1.999999938160646096e+01
1.936391039875053011e+01
1.882652629838943170e+01
1.839135024823455922e+01
1.805333902315589967e+01
1.776157319782009125e+01
1.749720584108277066e+01
1.725958596469566686e+01
1.702847273514344906e+01
1.679462701999231200e+01
1.850754339424431905e+01
1.997848728797364615e+01
1.999999579663921168e+01
1.999996788012851923e+01
1.999999999999013767e+01
2.000000048031742139e+01
2.000000025863818820e+01
2.000000025991298003e+01
2.000000000006256684e+01
1.999999992475147437e+01
1.999999846221618682e+01
1.999999999123293293e+01
2.000000006300223632e+01
2.000000024285558453e+01
2.000000000000000000e+01
1.945278539605721235e+01
1.898404068444745363e+01
1.854783379593497727e+01
1.812961738746917106e+01
1.772304719698482955e+01
1.732672900802007732e+01
1.701234411241159705e+01
1.695217376404693610e+01
1.690721339826911418e+01
1.733645368390153152e+01
1.733668449449469051e+01
1.799916011664834414e+01
1.825660937353516289e+01
1.835768666202146449e+01
1.843309354881730755e+01
1.850555839768190936e+01
1.854812435879176036e+01
1.858651710501961674e+01
1.862175589551447175e+01
1.865454485950741770e+01
1.869034580438653137e+01
1.874271568071570826e+01
1.877062150311658684e+01
1.879292290212231720e+01
1.903962636228122562e+01
1.901303875683907663e+01
1.884584576676830991e+01
1.861666274333303051e+01
1.836623594781714885e+01
1.811409141783763133e+01
1.786622564116972356e+01
1.761889343895970228e+01
1.737789545926441548e+01
1.753064753173119072e+01
1.821867568657875935e+01
1.847307017912149618e+01
1.867568018909392435e+01
1.874135425552359635e+01
1.882456776347730454e+01
1.888305369542804968e+01
1.893357171357882862e+01
1.897690966571339999e+01
1.900227047494367127e+01
1.902527752605939781e+01
1.904760880710799853e+01
1.907297843713902807e+01
1.910363786073363102e+01
1.912360852582521176e+01
1.929933895396244026e+01
1.927065935737129010e+01
1.912917525624499149e+01
1.892909062014377852e+01
1.870188835133796346e+01
1.846316268298630803e+01
1.821990135825831203e+01
1.797427691211085232e+01
1.772753060956189941e+01
1.790464735972102517e+01
1.790484324002234118e+01
1.847457940552521549e+01
1.858758631808778361e+01
1.871651452034277341e+01
1.887206054474911809e+01
1.899062504310835564e+01
1.906169768208915016e+01
1.911302959056620310e+01
1.915166346973296640e+01
1.918997056003264845e+01
1.921583394512883203e+01
1.924031583454851457e+01
1.925911069518079444e+01
1.929234357005816136e+01
1.941030851836269733e+01
1.932414145949906015e+01
1.913627205970330536e+01
1.890179791861649505e+01
1.864954874664349660e+01
1.839101774603807016e+01
1.813232792458735432e+01
1.787883312217766374e+01
1.763504485891701279e+01
1.768500869176692447e+01
1.822661103174770503e+01
1.852022742228307450e+01
1.861439355644506222e+01
1.868248707939272180e+01
1.873380124654751100e+01
1.877497793485193256e+01
1.882043854125413773e+01
1.884295178022030726e+01
1.886052323315173851e+01
1.888747018072644224e+01
1.890230905405196182e+01
1.891565783580333360e+01
1.893130957927340674e+01
1.894978168253227579e+01
1.916303306564813269e+01
1.913430044115512274e+01
1.897547914958717996e+01
1.875275146436391083e+01
1.850427686973326402e+01
1.824775252013422389e+01
1.799328505763098462e+01
1.774471520757376908e+01
1.750072931135045096e+01
1.753819493780715177e+01
1.805635851386726998e+01
1.829189463604501853e+01
1.845179767452389896e+01
1.855463398696180377e+01
1.859064682621144016e+01
1.860494914138161349e+01
1.861691059354752653e+01
1.862602906710903738e+01
1.863550015883073740e+01
1.864593530635175256e+01
1.865727503399944709e+01
1.866398347636901534e+01
1.867005910218276554e+01
4.000000000000000000e+01
1.819559609235638220e+01
1.774275337469858727e+01
1.737930291014916051e+01
1.700162063203890384e+01
1.662453346189850478e+01
1.625593252105125686e+01
1.851867683836698575e+01
1.951449219048262762e+01
5.245752373707572502e+01
5.307987200812704742e+01
5.308008642997711490e+01
3.902980705359588853e+01
3.252241168341070221e+01
3.349454685759602057e+01
3.454990242028517144e+01
3.874412834480467183e+01
3.821616844826302639e+01
3.775588118907953827e+01
3.734351148109389840e+01
3.696687148121441879e+01
3.652165349785691717e+01
3.296234248574252490e+01
3.282225989022825985e+01
3.284782240890815075e+01
1.949907355247215079e+01
1.878840571109002866e+01
1.831486958395560904e+01
1.796615739313598326e+01
1.767605785959594655e+01
1.743215438168555664e+01
1.719414314763905693e+01
1.694440462758789323e+01
1.673177094970131407e+01
5.292396094646962013e+01
2.670058138213746446e+01
3.344034641575154865e+01
2.616229025341280234e+01
2.643026159797592456e+01
2.756509702758821234e+01
2.813778169443917321e+01
2.961017537501256669e+01
3.239760158878954144e+01
3.207724050984838016e+01
3.179735047567193718e+01
3.152475124163616016e+01
3.061580039564045208e+01
2.871227272499442407e+01
2.878714859136771054e+01
1.961804476631577998e+01
1.907546903120572068e+01
1.867914410986674056e+01
1.835383702282659613e+01
1.806978988191653812e+01
1.780809286277045445e+01
1.755562286908995873e+01
1.730412064504958636e+01
1.705561116292537704e+01
5.307606899755373320e+01
5.307639811704214594e+01
2.438857182484926511e+01
2.378212749296058703e+01
2.209980623449309078e+01
2.389349382253169196e+01
2.779099701900728192e+01
2.942512516372510234e+01
3.036415742057180722e+01
3.091977289571807574e+01
3.541505741834210141e+01
3.491565533440017788e+01
3.444513890057420014e+01
3.412056345076801023e+01
3.055185358178722055e+01
1.957502962570321259e+01
1.897889738309752872e+01
1.857053141578501254e+01
1.824141216807115029e+01
1.795565612159983360e+01
1.768433887334277443e+01
1.743034836298213719e+01
1.719443750582497188e+01
1.698065704215765592e+01
5.292304046448273880e+01
3.471136415117424434e+01
2.812977526975970832e+01
2.923563964648829483e+01
2.982955442166180404e+01
3.015551839573275927e+01
3.035325166766553551e+01
3.383833963282420143e+01
3.360380593413331241e+01
3.343996994116587729e+01
3.164617830430267631e+01
3.137608852047681296e+01
3.136912039816411024e+01
3.137550733542813930e+01
3.139961257324154076e+01
1.955741837332673683e+01
1.892005065953951615e+01
1.846913195571963584e+01
1.811565580887878113e+01
1.781637968445555487e+01
1.754744069744191748e+01
1.730519358193411961e+01
1.707282613642215452e+01
1.683934978362538715e+01
5.284316402568781257e+01
5.350969308804132396e+01
2.554331649826878348e+01
2.835629670226894206e+01
3.459949620533557635e+01
3.420710391394993621e+01
3.410334186977767246e+01
3.402088663064191820e+01
3.344861188196209412e+01
3.342528134927869132e+01
3.340658542982657764e+01
3.419599907223704349e+01
3.415524095790416936e+01
3.375790304649729734e+01
